00001010 00000000 00000000 00000000 00000000 00000000 00000000 00000000 
00001010 00000000 00000000 00000000 00000000 00000000 00000000 00000000 
00000111 00000000 00000000 00000000 00000000 00000000 00000000 00000000  
00001001 00000000 00000000 00000000 00000000 00000000 00000000 00000000 
00000111 00000000 00000000 00000000 00000000 00000000 00000000 00000000 
00000010 00000000 00000000 00000000 00000000 00000000 00000000 00000000  
00000010 00000000 00000000 00000000 00000000 00000000 00000000 00000000 
00000100 00000000 00000000 00000000 00000000 00000000 00000000 00000000 
00001000 00000000 00000000 00000000 00000000 00000000 00000000 00000000  
00001001 00000000 00000000 00000000 00000000 00000000 00000000 00000000 

00000110 00000000 00000000 00000000 00000000 00000000 00000000 00000000 
00000110 00000000 00000000 00000000 00000000 00000000 00000000 00000000  
00000111 00000000 00000000 00000000 00000000 00000000 00000000 00000000 
00001000 00000000 00000000 00000000 00000000 00000000 00000000 00000000 
00000001 00000000 00000000 00000000 00000000 00000000 00000000 00000000  
00000110 00000000 00000000 00000000 00000000 00000000 00000000 00000000 
00000110 00000000 00000000 00000000 00000000 00000000 00000000 00000000 
00000010 00000000 00000000 00000000 00000000 00000000 00000000 00000000  
00000010 00000000 00000000 00000000 00000000 00000000 00000000 00000000 
00001001 00000000 00000000 00000000 00000000 00000000 00000000 00000000 
00001000 00000000 00000000 00000000 00000000 00000000 00000000 00000000  
00000001 00000000 00000000 00000000 00000000 00000000 00000000 00000000                                     
