0a 00 00 00 00 00 00 00  = 10
0a 00 00 00 00 00 00 00  = 10
07 00 00 00 00 00 00 00  = 7
09 00 00 00 00 00 00 00  = 9
07 00 00 00 00 00 00 00  = 7
02 00 00 00 00 00 00 00  = 2
02 00 00 00 00 00 00 00  = 2
04 00 00 00 00 00 00 00  = 4
08 00 00 00 00 00 00 00  = 8
09 00 00 00 00 00 00 00  = 9
06 00 00 00 00 00 00 00  = 6
06 00 00 00 00 00 00 00  = 6
07 00 00 00 00 00 00 00  = 7
08 00 00 00 00 00 00 00  = 8
01 00 00 00 00 00 00 00  = 1
06 00 00 00 00 00 00 00  = 6
06 00 00 00 00 00 00 00  = 6
02 00 00 00 00 00 00 00  = 2
02 00 00 00 00 00 00 00  = 2
09 00 00 00 00 00 00 00  = 9
08 00 00 00 00 00 00 00  = 8
01 00 00 00 00 00 00 00  = 1

10
10
7
9
7
2
2
4
8
9
6
6
7
8
1
6
6
2
2
9
8
1
10 10 7 9 7 2 2 4 8 9 6 6 7 8 1 6 6 2 2 9 8 1

00000000  0a 00 00 00 00 00 00 00  0a 00 00 00 00 00 00 00  |................|
00000010  07 00 00 00 00 00 00 00  09 00 00 00 00 00 00 00  |................|
00000020  07 00 00 00 00 00 00 00  02 00 00 00 00 00 00 00  |................|
00000030  02 00 00 00 00 00 00 00  04 00 00 00 00 00 00 00  |................|
00000040  08 00 00 00 00 00 00 00  09 00 00 00 00 00 00 00  |................|
00000050  06 00 00 00 00 00 00 00  06 00 00 00 00 00 00 00  |................|
00000060  07 00 00 00 00 00 00 00  08 00 00 00 00 00 00 00  |................|
00000070  01 00 00 00 00 00 00 00  06 00 00 00 00 00 00 00  |................|
00000080  06 00 00 00 00 00 00 00  02 00 00 00 00 00 00 00  |................|
00000090  02 00 00 00 00 00 00 00  09 00 00 00 00 00 00 00  |................|
000000a0  08 00 00 00 00 00 00 00  01 00 00 00 00 00 00 00  |................|
000000b0

